1 941
2 832
2 1189
3 2816
4 2458
4 1165
4 1573
5 2111
5 193
6 1481
7 2404
7 473
7 1547
8 2589
8 1255
9 2069
9 1062
10 2139
11 1833
12 1717
12 2872
13 2817
13 2566
14 452
14 809
14 704
15 894
15 2253
16 2228
16 1239
17 2197
17 98
17 1613
18 958
18 1384
18 1681
19 1309
19 2803
19 1046
20 1734
21 2402
21 1986
22 518
22 881
23 2046
24 395
24 1499
25 2091
26 1623
26 2902
27 1001
27 406
27 2644
28 500
28 674
29 1595
30 48
30 646
30 1867
31 1884
31 1586
32 551
32 802
32 2765
33 50
34 930
34 1018
35 2141
35 2629
35 2260
36 1511
37 330
37 158
38 2421
39 1152
40 550
40 423
40 349
41 2780
41 1073
41 765
42 438
42 1735
42 1328
43 1376
43 2234
43 176
44 441
45 327
45 448
45 2955
46 1172
47 1788
48 1692
49 1196
49 2454
51 2577
51 2087
51 1678
52 1470
52 82
52 1322
53 1839
54 1484
54 294
54 1331
55 2749
55 1758
55 164
56 1120
57 1662
57 2509
57 1168
58 2305
58 2439
59 211
59 1171
59 2182
60 1597
60 2865
61 1798
61 1535
62 1960
62 279
62 1294
63 2494
64 1399
65 1782
66 1787
66 1680
66 1129
67 959
67 1098
68 2038
69 419
69 2776
70 341
70 2760
71 2901
71 1817
71 2908
72 1806
72 204
73 890
73 425
73 1142
74 992
74 2974
74 1557
75 2217
75 2616
76 1443
76 583
77 799
77 1852
78 1155
79 2545
80 1935
80 1346
81 1762
83 1435
83 1130
83 1242
84 1324
85 284
85 639
86 2052
86 708
87 382
87 700
88 1202
88 823
89 1114
90 1258
90 2465
91 2129
91 2239
92 954
92 720
92 386
93 606
94 225
95 1871
96 824
96 575
96 1490
97 2291
99 1661
99 2595
100 1736
100 1038
100 1494
101 2822
102 196
102 2764
103 422
104 1244
104 2638
105 2660
106 657
106 1567
107 948
107 1118
108 1952
108 111
108 1429
109 264
110 508
110 471
111 2947
112 2189
112 2818
112 835
113 1630
113 1893
114 2005
114 357
115 971
115 732
115 2601
116 2799
117 2497
117 2131
118 1756
118 1761
119 1459
119 281
120 1483
121 2101
122 2290
122 145
123 2401
123 1764
124 2127
124 902
124 1610
125 214
125 1830
126 1177
126 2272
126 1028
127 1292
127 2409
128 1572
128 2998
128 2335
129 2950
129 2313
129 804
130 2206
130 1693
130 885
131 2296
131 1238
132 2636
132 540
133 1943
133 514
134 2895
134 185
135 2846
135 2702
135 1300
136 1633
136 1560
137 856
137 2596
137 152
138 1493
138 2094
138 2244
139 232
139 1247
140 1383
141 1501
142 746
142 1287
143 1110
144 1361
146 952
146 269
147 2622
148 2560
149 2953
150 587
151 2912
151 1849
152 967
153 465
154 1841
154 2015
154 505
155 2933
156 1386
156 2619
156 409
157 2055
157 1011
158 2240
158 2013
159 2844
160 1588
160 2026
161 2681
161 366
162 1252
162 481
162 1178
163 1810
163 2905
163 1029
164 2073
165 2610
166 568
166 1488
167 800
167 2535
167 2881
168 2794
168 2145
168 1860
169 1683
169 239
170 797
171 911
171 612
172 2225
172 2135
173 1392
173 1571
173 378
174 2273
175 1918
175 2105
175 875
176 2173
176 2146
177 1575
177 795
178 743
179 2002
179 2386
179 2208
180 888
180 893
181 1887
182 1582
182 1939
183 1326
183 2295
184 1516
185 2021
185 2297
186 2688
186 2942
187 2657
188 1537
188 354
188 2599
189 1904
190 2236
190 2524
191 1217
192 2812
192 2897
194 1548
194 1423
194 1763
195 1519
195 2825
195 1700
197 1373
198 1984
198 418
199 912
199 1422
199 2256
200 2304
201 2611
201 2731
202 2625
202 1338
203 2473
203 537
203 669
204 1504
205 1955
205 1715
206 2289
206 246
206 2319
207 1740
207 345
207 2108
208 1614
209 1877
209 2257
209 1057
210 2784
210 1973
212 2522
212 1963
212 1323
213 2077
213 364
214 1438
214 525
215 1426
215 2620
215 2463
216 666
216 2639
216 620
217 326
217 2790
218 2995
218 1012
219 960
219 1261
220 468
220 1803
221 1711
221 2025
221 1248
222 2233
222 2941
223 2930
224 1122
224 970
224 2679
225 2060
225 1185
226 2155
227 876
227 1184
227 1037
228 685
228 1885
229 1791
229 2837
229 563
230 1372
231 2255
231 1753
231 1306
232 778
232 553
233 1607
234 1796
234 1077
235 2768
236 1397
236 1797
236 2694
237 1590
237 1591
238 2854
238 1543
239 253
239 1327
240 615
240 1396
241 1194
242 2089
242 1188
243 848
244 1559
244 1100
245 2871
245 2898
245 2969
246 2917
247 2680
247 2164
247 1515
248 1303
249 1883
249 2831
250 624
250 1558
250 1402
251 1576
252 2018
252 273
253 1789
254 2878
255 2952
255 1075
256 2457
256 2277
256 2958
257 1936
257 1434
257 303
258 1117
259 2528
259 1847
259 2498
260 2924
261 886
261 1364
261 1366
262 695
262 2051
262 2312
263 1765
263 272
263 1360
264 750
264 1874
265 1710
265 2459
266 1469
266 1288
267 1378
267 370
267 1476
268 1507
268 2939
268 1870
270 707
270 1656
271 1159
272 428
272 1594
273 343
274 329
274 1332
275 2403
276 2479
276 868
276 1731
277 1302
277 2429
277 721
278 605
279 820
279 851
280 1882
281 2070
281 634
282 2652
283 379
283 517
285 1679
285 1508
285 2477
286 752
287 2724
288 1088
288 919
288 1410
289 1792
289 2758
290 1460
291 653
292 1241
292 1503
293 842
293 2475
293 2410
294 1776
295 783
295 2212
296 2482
296 1912
296 1987
297 1895
298 1996
298 2066
299 407
300 543
300 2075
300 2058
301 2248
302 770
303 978
304 1419
304 1004
304 2010
305 2576
306 1866
307 1226
308 1808
308 2029
308 1381
309 757
309 2945
309 1353
310 2004
310 1896
310 352
311 2994
311 2034
312 443
312 1358
312 2819
313 2328
313 922
314 2298
315 1754
315 2032
315 1978
316 1313
316 1482
317 925
317 1686
318 467
318 1123
318 2376
319 1034
319 754
320 618
320 782
320 625
321 658
321 1329
321 2179
322 921
322 1674
322 1600
323 1857
324 659
324 1514
324 2140
325 396
325 793
328 1666
328 880
330 2889
330 1431
331 1518
331 672
332 872
332 2380
332 534
333 2125
333 2704
333 2056
334 2584
334 1631
334 753
335 1191
336 380
337 1478
337 1201
338 1708
339 2467
339 1314
339 2053
340 1853
340 571
341 631
342 2221
344 2359
344 2979
344 2385
346 1474
347 2682
348 982
350 2597
350 2245
350 2653
351 1043
351 1228
351 1433
353 2470
354 1664
355 779
355 411
356 604
356 2823
356 1926
357 1281
357 1914
358 1876
358 2602
358 717
359 2434
359 2618
359 2864
360 2783
361 950
361 1224
362 1315
362 1651
362 1099
363 1709
363 477
363 2667
365 2804
366 1141
366 2997
367 2072
367 1403
367 1349
368 2561
368 1282
368 1420
369 2965
369 2007
370 2259
371 2321
371 2176
372 1770
372 735
373 2506
373 1107
374 1757
375 1133
375 1619
375 1928
376 1375
376 702
377 2436
378 2318
378 2815
380 1772
380 2227
381 1544
382 2103
382 2964
383 1072
383 2366
384 1643
385 2390
386 927
387 677
387 1682
387 1339
388 548
388 462
388 1363
389 936
390 2037
391 1512
391 769
392 1182
392 2870
393 2450
393 2860
394 931
396 1794
396 1640
397 1193
397 521
398 1207
398 437
399 2678
399 2591
399 2541
400 1174
400 2022
401 2211
401 1598
402 475
402 1828
403 767
403 469
404 1078
404 2833
405 1368
405 2461
405 683
406 2478
406 2785
408 1082
409 1773
409 2606
410 629
411 2349
412 2041
413 1611
413 2049
414 1934
415 2215
415 1911
416 2012
416 1712
417 2204
417 1405
417 2713
418 1304
418 3000
420 946
420 509
421 2580
421 2931
422 617
422 2476
423 546
424 2192
424 994
425 2415
426 814
426 2471
426 2883
427 2425
428 2499
428 2166
429 1233
430 2136
430 798
431 2869
431 501
431 2163
432 703
433 2973
433 1969
434 2723
435 1886
435 2855
435 1854
436 1578
436 1008
437 1319
437 2378
438 1848
438 1161
439 1865
439 1956
440 2693
440 1777
440 805
442 2937
442 2775
442 2262
443 2430
443 681
444 678
444 1795
444 2237
445 2368
445 2279
445 1602
446 2814
446 2342
447 2481
447 935
449 2149
450 1992
450 977
450 2633
451 1251
451 2614
452 1272
452 2762
453 2836
453 688
453 2334
454 818
455 2269
455 839
455 933
456 2558
457 1553
458 2796
458 2715
459 1125
459 1617
459 461
460 1112
461 539
463 2398
463 2028
463 1093
464 2095
464 2778
464 1136
465 1170
465 1290
466 2789
466 1016
466 2811
468 1212
469 1408
469 2658
470 2373
471 2826
472 2567
472 1993
472 1869
473 910
474 1728
474 1362
475 2348
476 2725
476 1556
477 2570
478 2153
478 1509
478 616
479 1273
479 777
479 1513
480 580
480 1823
480 2263
482 1725
482 895
483 2354
483 565
483 1843
484 2929
484 528
485 1198
485 2157
485 883
486 2503
486 2909
487 1898
487 771
488 904
488 2138
488 2413
489 1685
489 633
489 2186
490 1506
491 1892
491 2250
492 1811
492 1592
493 1971
493 569
494 2392
494 588
495 1923
495 2362
495 1563
496 2830
497 2621
497 1800
498 1006
499 2523
499 598
500 1873
502 2774
502 2555
502 1070
503 2071
504 796
504 2757
504 2735
505 2276
506 2081
506 2921
506 1530
507 2951
507 1747
508 917
509 801
510 2643
511 515
511 2209
512 1574
513 2371
513 1301
513 972
516 2791
516 996
517 2112
519 742
519 1529
520 1583
520 2703
522 2569
523 2447
524 1995
525 1380
525 1906
526 1704
526 2126
527 2824
527 2572
529 2886
530 1949
530 2490
530 829
531 1801
532 584
533 1240
533 2317
534 696
535 1579
535 2059
535 2510
536 2529
536 1564
536 1899
537 2222
537 991
538 1924
539 2691
540 577
541 1862
541 2369
541 1774
542 2420
544 2866
544 1023
544 2984
545 1223
545 2167
545 552
546 2532
546 1944
547 2861
547 576
548 1964
549 2194
549 1254
549 1726
552 2795
552 1257
554 645
555 756
555 1916
555 1880
556 1225
557 1267
557 1453
557 1925
558 1448
558 1334
559 915
560 1154
560 776
561 2505
561 2916
561 887
562 2315
562 2114
562 1520
563 846
563 608
564 1831
564 2431
564 2856
565 2835
566 1888
567 1542
568 1437
568 1079
569 973
569 1416
570 2948
571 2355
571 637
572 2634
572 1204
572 722
573 2188
574 2200
574 897
575 1670
576 2379
576 2582
578 1497
578 1036
579 2372
579 1525
580 2128
581 1979
581 1160
582 884
582 2716
582 2493
584 710
585 1147
586 2387
586 2177
587 2162
587 2598
588 1921
588 865
589 905
589 1642
589 1889
590 2829
591 2389
591 953
592 2123
592 1487
593 2511
594 2548
595 2705
595 899
595 784
596 1940
596 1444
596 2400
597 2247
597 2986
598 913
598 934
599 1846
599 1546
599 1266
600 1325
600 2906
600 2109
601 2677
601 2641
602 2226
602 2019
602 644
603 871
603 2842
605 2960
607 1356
608 690
609 1491
609 2537
609 2891
610 751
610 2645
610 1688
611 1820
611 1428
611 1621
612 2697
613 2896
614 2453
616 736
618 1157
619 898
619 755
620 2191
620 1350
621 1946
621 701
621 1900
622 969
622 1524
622 772
623 998
623 1127
625 1804
625 1293
626 2746
627 1793
628 2251
628 2270
629 2612
629 810
630 2350
632 2252
633 1418
633 714
634 763
634 775
635 1580
635 2893
636 1187
636 828
637 1587
637 2405
638 2847
638 2336
638 918
640 1663
640 2367
640 2551
641 907
642 1738
642 2361
642 2365
643 2346
644 1269
646 1694
647 1296
647 858
647 2411
648 2076
649 1961
650 1173
651 2737
651 2286
652 1837
652 1447
652 667
653 723
654 1452
654 1645
655 1424
655 715
655 2938
656 2810
656 2635
656 2280
658 1677
659 2416
659 867
660 2374
660 694
660 1733
661 2525
662 1957
662 2030
663 1502
663 1699
663 2550
664 789
664 2734
665 2009
666 1208
667 2407
667 1260
668 819
668 1268
668 2047
669 2879
669 1703
670 2316
670 1489
671 2911
671 2011
672 1827
672 1014
673 2122
673 1284
675 2344
675 1538
676 2099
676 1369
677 944
677 1379
678 1622
679 1805
679 1668
679 1151
680 2254
682 2654
682 2646
683 2744
684 1065
686 1089
686 2231
687 2718
687 882
687 1534
688 1237
689 1162
689 813
689 2669
690 1374
691 1647
691 2102
691 1181
692 2564
693 1148
694 2444
695 2040
696 1743
696 2617
697 1570
698 2593
698 1695
698 2292
699 2496
699 1262
699 730
700 916
701 924
703 1824
705 1676
706 1150
706 2229
706 2721
707 1855
709 1041
709 2082
711 1878
712 2377
712 747
712 1103
713 1092
715 2433
715 1111
716 2495
717 849
718 2020
719 2894
722 2518
723 2195
723 1002
724 1249
724 2581
724 2608
725 2504
726 803
727 2428
727 2859
728 1215
729 2375
731 1968
733 1950
733 2920
733 2605
734 2485
735 2663
736 1608
736 1025
737 1359
737 2395
738 2224
738 1526
739 2665
739 1164
739 2673
740 2862
740 2327
740 1868
741 2235
741 1027
741 1076
743 937
744 1596
745 2970
745 2940
747 1231
747 1135
748 1910
748 1821
749 2043
749 2900
749 962
750 1864
753 2284
754 2116
754 2065
756 1330
756 2160
757 2536
757 2424
758 2517
758 2890
758 1977
759 1585
760 2527
760 834
760 1727
761 2627
761 1835
761 993
762 1593
763 2954
764 1108
764 2440
764 2531
765 1017
766 932
766 1760
768 1053
768 1702
768 2006
769 1486
769 1741
770 2199
771 2936
771 2647
772 2185
773 896
773 1067
773 1245
774 1232
774 2449
775 2117
775 1933
777 2218
777 2549
779 1620
779 974
780 1305
781 1134
782 2696
782 1851
783 2910
785 2165
786 1454
786 2588
786 1026
787 855
788 2991
789 2031
789 1145
790 955
790 1321
790 1335
791 845
791 2849
792 963
793 1746
793 1962
794 1393
795 2786
795 1197
796 2169
796 2666
798 2507
800 2845
800 1697
802 2391
806 2337
806 2068
807 1909
807 1213
808 2027
809 2363
811 2722
811 2801
811 1413
812 2383
812 2571
812 1299
813 1203
813 2500
815 1234
815 1052
815 2706
816 2766
817 1905
817 2547
817 1235
819 1684
821 2347
821 1216
822 968
822 2130
822 2975
824 1532
824 2624
825 2301
825 1354
825 1635
826 1815
826 1742
826 1351
827 1891
827 1102
828 2963
828 1737
830 2850
831 1344
831 1980
833 1190
834 1451
835 2124
835 2084
836 1897
836 1320
836 1409
837 2175
837 2676
838 2469
840 2661
840 2888
841 2113
843 1246
843 1629
844 1863
844 966
847 854
847 1220
848 1732
849 2573
849 1140
850 2989
852 1013
852 1901
852 986
853 2530
853 2456
853 2097
854 1948
857 1179
857 2556
858 1850
859 2904
859 2062
860 2662
860 1809
860 870
861 2710
861 2927
861 1406
862 2207
862 2419
863 1922
864 1616
865 1498
865 945
866 1084
866 2488
866 2324
867 943
867 995
868 928
868 2320
869 2623
869 2838
872 1425
873 2033
873 2754
873 2134
874 2739
875 2406
875 2863
876 1945
876 2061
877 1500
877 2543
878 2689
879 1545
879 983
879 2370
882 1167
883 909
883 1341
884 2903
884 1283
885 2923
885 1032
886 1719
886 1994
887 1461
888 1879
888 2132
889 1654
889 2341
889 2106
890 1496
891 1427
892 1577
894 2873
896 1705
898 2261
898 2092
899 2834
900 1540
900 1271
901 2668
901 1807
902 2050
903 1144
903 2727
905 2044
906 2877
908 2023
908 1723
909 2526
909 2063
910 1388
912 2474
912 1902
914 2709
914 2393
917 1930
918 2843
919 2460
919 2180
920 1624
920 1729
920 1000
921 2544
921 1166
922 2343
922 2655
923 1492
923 2604
923 1881
924 1771
926 2892
927 1671
927 947
928 1054
929 1707
929 1783
930 2714
930 2538
931 1009
932 1128
934 1068
934 1343
936 2798
938 2156
939 1615
940 2759
941 1658
941 2982
942 1022
942 2322
942 1706
943 2357
945 1085
945 2956
947 2159
947 1083
948 2882
949 2293
949 2088
949 2793
950 2078
950 2048
951 965
951 1822
953 2210
955 1861
955 2992
956 2767
956 1106
957 1051
958 2520
958 1158
959 2637
959 1768
960 2438
961 1632
961 1974
962 2918
964 1759
965 1938
966 1285
967 989
967 1536
968 1156
968 981
969 1031
969 1975
970 1606
970 1724
972 2868
974 2466
974 2168
975 1568
976 2423
976 1050
978 1049
978 1475
979 2202
980 2922
980 2452
981 2613
982 2243
983 1021
984 1455
984 1450
985 2761
986 2712
987 1634
987 1983
987 1673
988 1297
989 2631
989 1985
990 2205
990 1175
990 2282
993 2501
994 1263
995 1195
996 2925
996 2740
997 1421
999 1279
1001 2035
1001 1858
1002 1648
1003 2686
1004 1988
1005 1365
1005 2307
1005 1551
1006 1463
1006 1462
1007 1149
1007 2736
1007 2533
1009 1289
1009 1927
1010 2519
1010 2692
1010 1859
1011 1552
1011 2483
1012 1270
1012 2848
1013 2086
1013 2110
1015 2807
1018 1333
1018 2219
1019 1751
1019 2827
1020 2583
1021 1317
1021 2841
1022 2120
1023 2659
1024 2578
1024 1750
1024 2426
1026 1970
1027 1104
1029 2640
1029 2241
1030 1211
1033 2184
1033 2308
1033 2137
1035 2607
1035 1186
1035 2932
1036 1417
1039 1799
1040 2198
1040 1967
1042 1999
1042 1221
1042 1291
1043 2684
1043 2170
1044 1109
1044 1153
1045 2119
1045 1466
1047 1342
1047 1649
1048 1264
1050 1095
1050 2797
1051 2323
1051 1913
1052 1991
1052 1411
1054 2675
1055 1056
1056 2330
1056 1775
1057 1581
1057 1347
1058 2394
1058 1780
1059 2828
1060 2285
1060 2972
1061 1398
1061 1389
1061 1385
1062 2412
1062 2884
1063 2360
1064 2985
1064 2142
1064 1131
1066 2515
1066 1951
1066 1903
1068 1480
1069 2242
1069 1826
1069 1730
1070 2755
1070 1415
1071 2745
1072 1653
1072 2148
1073 1278
1074 1638
1074 1790
1074 2887
1075 2271
1076 2306
1076 1236
1077 2563
1078 1655
1078 1907
1079 2779
1080 1407
1080 2288
1080 2329
1081 2174
1081 2090
1082 1277
1083 1989
1084 1367
1084 2554
1086 2756
1086 1718
1087 1308
1087 1609
1087 2468
1090 1744
1090 2751
1091 1603
1091 1533
1091 1227
1092 1256
1092 2054
1093 2642
1093 1210
1094 2352
1094 2216
1095 2016
1095 1601
1096 2978
1097 2417
1097 2045
1097 2565
1098 2275
1098 1468
1100 2427
1101 1113
1102 2489
1102 1458
1103 2151
1103 2690
1104 2067
1104 2670
1105 2752
1105 2648
1106 2064
1107 1825
1107 2264
1112 2098
1112 2990
1114 2568
1114 2753
1115 2966
1115 1755
1115 2683
1116 1687
1116 1390
1118 2603
1119 1920
1119 1919
1120 1430
1121 1769
1121 1400
1123 2574
1124 2700
1124 1549
1125 2968
1126 2609
1127 2161
1127 1976
1128 2649
1129 1604
1129 2302
1130 2628
1130 1929
1131 2152
1131 1990
1132 2800
1132 1584
1132 2446
1134 2701
1134 1713
1136 2707
1136 1698
1137 2502
1138 1785
1138 1778
1138 1745
1139 1432
1139 2345
1139 1295
1143 1626
1143 2074
1146 2821
1146 2787
1146 2514
1148 1675
1148 1650
1149 2265
1149 2491
1152 2695
1152 1842
1153 2100
1154 2311
1154 2441
1159 1748
1160 1467
1160 2729
1161 2435
1161 2096
1162 2983
1162 2266
1163 2133
1163 2484
1164 2732
1165 2309
1169 1838
1169 1915
1171 1829
1171 1336
1173 2492
1176 1569
1176 1781
1180 1250
1180 1209
1181 1436
1182 2178
1182 2820
1183 2443
1183 2946
1184 2353
1185 1669
1185 1832
1186 2144
1187 2397
1187 2913
1188 1562
1188 2867
1189 1834
1189 2249
1190 2104
1192 2085
1192 2190
1193 2857
1194 2914
1194 2036
1198 2294
1198 2671
1199 2943
1199 1523
1199 1457
1200 2976
1200 2949
1201 2579
1201 2183
1203 2650
1205 1355
1205 2201
1205 2851
1206 1456
1206 1274
1208 1312
1209 1316
1211 1639
1211 1997
1212 2770
1212 2926
1214 1387
1214 2358
1214 2283
1216 2772
1217 2339
1217 2014
1218 1953
1218 1222
1218 2303
1219 1667
1220 1998
1220 1625
1221 2268
1222 2858
1223 1229
1223 1464
1226 2024
1227 2805
1230 1352
1231 1485
1231 2540
1233 1276
1234 2959
1235 1714
1236 1802
1236 1845
1238 2351
1239 2314
1240 2928
1240 2181
1241 1941
1241 2008
1242 1931
1242 1275
1243 2711
1243 1307
1246 2730
1246 2232
1247 1766
1248 1554
1248 1471
1250 1589
1250 2300
1251 2750
1251 1786
1253 2539
1253 2996
1255 2445
1255 2542
1256 2728
1257 2516
1258 1908
1259 1473
1261 2432
1262 2278
1262 1937
1265 1665
1265 2899
1265 2338
1267 2437
1271 2587
1271 2462
1272 2552
1272 2220
1273 2957
1273 1981
1274 1479
1275 1357
1276 1505
1276 2962
1279 1767
1280 2876
1281 2534
1282 2852
1283 1689
1284 1819
1286 2557
1287 1966
1287 1521
1288 1947
1288 2299
1289 2885
1291 2079
1291 1691
1292 1446
1293 1442
1293 2448
1296 2396
1297 1599
1298 2781
1298 2961
1299 1528
1299 1348
1301 1890
1302 1894
1302 2083
1303 1472
1303 1749
1304 2258
1305 2719
1306 1690
1307 2651
1307 1856
1309 2042
1310 1721
1310 1517
1311 1394
1313 1628
1313 2907
1315 1959
1317 1917
1317 1840
1318 2585
1318 2999
1318 2840
1320 2600
1320 1752
1322 1701
1322 2325
1324 2326
1325 2747
1325 2000
1327 1875
1327 2726
1330 2003
1330 2632
1331 2720
1331 1972
1332 2809
1332 2987
1333 2664
1333 2771
1334 1510
1335 2813
1336 2988
1336 2281
1337 2171
1337 2451
1338 2203
1340 1401
1341 1495
1341 2935
1342 2839
1343 2408
1345 1382
1345 2521
1346 2743
1346 2487
1348 1414
1348 1844
1350 1377
1350 1561
1351 1539
1352 2455
1355 1954
1356 1531
1357 2154
1357 2480
1361 1720
1361 2223
1362 1449
1363 2340
1363 2672
1364 2717
1365 2442
1368 2267
1368 2332
1369 1813
1370 2594
1371 2853
1371 1982
1371 2590
1375 1605
1376 2802
1377 1522
1377 2748
1378 2150
1379 1779
1379 2382
1380 2592
1381 2486
1381 1404
1382 2788
1383 2039
1383 1818
1384 2512
1384 1555
1385 2214
1385 1612
1386 2080
1386 1814
1387 2115
1387 1395
1388 2777
1389 1716
1391 2586
1391 2356
1391 2287
1392 1659
1392 1440
1394 1958
1394 2331
1395 2559
1398 2919
1399 2414
1399 2107
1401 2158
1401 2274
1403 1672
1408 2615
1409 2874
1410 2575
1410 2993
1411 2699
1412 2782
1412 2364
1414 1657
1414 1872
1416 2472
1417 2121
1418 2213
1418 1566
1419 1722
1419 2093
1422 2118
1423 2310
1423 2773
1427 1965
1428 1445
1429 1477
1430 2057
1431 1784
1432 2513
1432 2687
1433 1644
1434 1541
1435 2971
1435 2656
1437 1932
1438 2238
1438 2792
1439 2674
1441 2388
1441 2769
1442 1565
1444 2384
1444 1836
1447 2741
1447 2980
1449 1660
1449 2246
1452 1627
1452 1696
1453 2626
1453 2196
1454 1812
1454 2422
1456 2399
1457 2464
1457 1641
1458 1652
1460 2806
1461 2630
1461 2193
1462 2763
1464 1739
1464 2708
1465 1816
1465 2562
1465 2698
1468 1637
1468 1618
1469 1942
1471 2546
1473 2880
1473 2553
1474 2944
1476 2172
1476 2977
1477 2915
1477 1550
1480 2738
1483 2685
1483 2143
1484 2808
1487 2187
1490 1636
1490 2742
1491 2230
1492 2981
1492 2381
1497 2017
1498 2001
1499 1646
1500 2733
1500 2967
1502 2508
1502 2147
1504 2418
1508 2832
1508 1527
1510 2333
1510 2875
1511 2320
1511 2273
1512 2253
1512 2058
1513 2934
1514 2277
1514 1037
1516 193
1516 2367
1517 1690
1517 2873
1518 1237
1518 2546
1521 792
1523 2643
1526 1704
1527 2851
1529 1943
1529 2166
1530 2195
1530 2941
1531 2744
1531 1636
1533 2213
1533 2399
1534 1553
1535 1732
1536 2207
1536 1795
1537 1672
1537 2346
1538 1761
1539 2225
1539 1634
1540 2109
1542 2215
1544 2963
1545 2216
1545 2854
1546 2295
1547 2080
1548 1936
1549 2766
1549 2271
1550 1640
1550 1718
1552 692
1552 1915
1553 1734
1556 79
1556 2779
1557 2351
1557 2210
1558 1997
1560 1133
1560 2447
1562 381
1563 632
1566 784
1569 1899
1569 1811
1572 878
1574 2975
1574 1952
1575 2840
1576 2031
1577 2355
1578 258
1579 1874
1580 2758
1581 2417
1582 2657
1584 1816
1584 2307
1586 352
1587 1252
1591 2205
1591 2139
1592 2734
1593 2733
1594 1938
1594 559
1595 2269
1596 2926
1597 2688
1598 1744
1598 1455
1599 2981
1599 2924
1600 2330
1600 2788
1601 713
1601 2997
1602 897
1602 1215
1603 2879
1604 1583
1604 2991
1605 2832
1606 1757
1607 2242
1608 2634
1609 1277
1610 2603
1610 2313
1612 2696
1612 2226
1616 374
1616 1650
1617 1857
1618 2793
1619 2579
1620 1721
1620 2606
1622 2568
1623 260
1624 2905
1625 1319
1625 2917
1626 1814
1626 762
1631 2529
1635 2461
1637 2095
1637 408
1638 1855
1639 874
1639 1960
1641 2105
1641 2490
1642 2498
1642 2586
1643 2371
1644 97
1644 1373
1645 2329
1645 2729
1646 649
1647 2326
1648 1312
1648 1554
1649 2973
1650 2880
1652 2032
1654 2182
1654 856
1656 2434
1658 2485
1659 1972
1662 1177
1663 1964
1663 2908
1664 2101
1665 2201
1666 1934
1666 2532
1667 1479
1669 1911
1669 2366
1670 1179
1670 685
1671 1137
1671 2059
1673 1268
1673 2899
1674 1709
1676 1825
1676 2356
1677 275
1678 803
1679 1893
1679 2156
1680 1316
1680 1135
1681 1862
1681 2886
1683 1122
1684 1859
1684 1482
1685 503
1687 2387
1688 1270
1688 2553
1689 2118
1689 2246
1690 1374
1692 2241
1693 307
1694 2102
1695 1754
1695 1767
1696 2308
1697 2027
1699 2340
1702 1038
1707 2863
1708 1931
1709 1311
1710 2883
1711 2413
1711 2120
1712 1390
1714 2091
1716 2725
1720 1140
1723 1980
1724 570
1724 776
1725 1760
1725 2343
1726 2900
1726 2133
1727 1775
1727 2309
1729 1781
1730 794
1731 702
1736 2202
1736 1844
1737 2819
1737 2421
1738 1065
1738 2716
1740 2906
1740 2962
1742 2073
1742 2549
1743 1792
1744 2304
1745 617
1745 2489
1746 1191
1747 2866
1747 845
1748 208
1748 1701
1749 2705
1750 1759
1753 2550
1754 1916
1756 1063
1758 2624
1764 1528
1764 2713
1766 223
1766 2933
1769 2115
1770 2392
1771 2977
1772 2780
1772 1949
1773 441
1774 2889
1774 1588
1775 2979
1776 2495
1776 2990
1777 2957
1778 1956
1779 2085
1782 2353
1782 1632
1783 1213
1784 615
1784 1986
1787 2043
1787 81
1789 1813
1789 2992
1790 2053
1791 2300
1793 2287
1793 1870
1794 2448
1794 2902
1795 2397
1796 2232
1796 329
1797 2870
1797 1067
1798 2978
1798 2223
1803 1113
1804 566
1804 2591
1805 1824
1805 2980
1806 2526
1806 2113
1807 1290
1808 804
1808 1439
1811 2143
1812 2072
1812 2428
1815 554
1815 299
1816 1323
1817 2861
1818 2045
1819 2278
1819 2519
1821 2422
1821 2436
1823 1928
1826 2934
1826 2804
1827 2296
1829 731
1830 2987
1830 2535
1831 2470
1832 1207
1834 2901
1835 2675
1835 2801
1838 2361
1839 2218
1840 2282
1840 751
1841 2500
1841 2608
1843 2747
1845 2565
1846 2570
1846 1660
1847 2872
1849 864
1849 2645
1850 2260
1851 2380
1853 957
1853 2494
1855 2283
1858 2331
1860 2847
1860 1983
1861 46
1861 343
1864 1968
1865 2054
1868 2867
1869 94
1869 585
1870 1155
1871 2405
1871 2805
1872 604
1873 2090
1874 2163
1875 2919
1875 2352
1876 2487
1876 1172
1877 2838
1878 412
1878 1031
1879 1
1879 1941
1881 2760
1882 2131
1882 641
1883 1927
1883 1963
1884 2426
1885 2945
1885 2616
1887 2063
1888 2575
1889 2419
1891 2275
1891 1210
1895 2390
1895 2971
1898 2666
1898 2516
1900 975
1901 1178
1902 805
1902 2188
1903 744
1903 39
1904 2291
1905 1232
1906 2170
1906 964
1907 1741
1908 1228
1909 1954
1910 291
1910 1682
1911 1809
1913 2116
1914 2496
1914 2995
1916 1280
1917 1981
1917 2742
1918 1450
1918 2882
1919 2347
1919 2610
1920 2925
1920 2996
1921 2564
1922 2240
1922 20
1923 2145
1924 2236
1926 711
1927 2649
1928 2647
1929 2132
1930 25
1930 2740
1933 2208
1933 1976
1934 103
1935 2617
1935 935
1936 725
1937 814
1937 346
1939 2168
1939 2229
1941 82
1942 1404
1944 2897
1945 881
1945 33
1947 939
1947 2334
1948 518
1948 2834
1949 159
1950 2753
1952 2583
1953 1613
1957 2424
1957 2185
1959 1974
1961 1055
1961 2877
1964 2607
1965 2186
1965 2588
1966 1992
1966 1147
1967 230
1967 2770
1971 2327
1971 2813
1974 1932
1977 1867
1981 1101
1982 280
1982 2198
1983 1475
1984 2890
1984 2333
1985 2842
1985 2609
1986 2130
1990 2160
1990 2774
1991 2196
1991 2270
1993 1573
1993 2467
1994 2042
1994 2060
1997 2084
1999 2522
1999 2057
2000 2943
2001 799
2001 2177
2003 841
2003 1848
2005 2279
2006 645
2007 2036
2007 290
2008 384
2008 2534
2010 1525
2011 630
2012 977
2013 2965
2014 2512
2014 1496
2015 2154
2016 2248
2016 895
2017 2615
2018 1837
2018 2577
2020 512
2021 1570
2022 1150
2022 165
2023 2896
2023 1008
2024 1151
2024 1940
2026 248
2030 2388
2030 1472
2031 801
2032 302
2033 719
2035 1611
2035 2415
2036 1295
2037 510
2037 2299
2038 2454
2038 1955
2039 2100
2043 2754
2044 2598
2046 1801
2046 2748
2047 2782
2047 501
2049 2136
2049 2790
2050 988
2050 2446
2052 720
2052 2658
2054 2878
2055 1088
2056 1099
2056 467
2059 1266
2061 971
2062 2765
2062 2820
2065 787
2066 2440
2066 590
2067 550
2068 2497
2069 1349
2070 1041
2070 2499
2071 2860
2074 850
2074 2493
2075 1367
2075 2122
2076 2169
2076 2669
2077 1505
2077 1894
2078 1314
2078 2718
2080 1979
2081 2936
2081 2152
2083 1359
2084 2644
2085 2690
2087 2894
2088 1822
2089 2582
2089 101
2090 904
2091 2714
2093 347
2094 2816
2095 2147
2096 2621
2096 1481
2097 2126
2098 2778
2098 2451
2099 2409
2100 2955
2103 2701
2103 2853
2105 833
2106 2895
2106 2986
2108 2510
2108 742
2111 1158
2111 2314
2112 1451
2114 2357
2114 2633
2115 1969
2116 2231
2117 2736
2117 2159
2119 1571
2119 2808
2121 1059
2123 2817
2123 2846
2125 1519
2126 1506
2127 1126
2127 714
2128 2561
2128 2502
2132 1828
2134 1144
2135 2937
2135 2865
2136 1522
2137 1568
2138 2439
2138 2593
2139 2759
2140 323
2140 2605
2141 2264
2143 174
2144 2630
2145 2267
2146 2478
2148 2839
2149 2785
2150 2672
2153 2455
2154 2815
2155 95
2155 726
2157 364
2157 2946
2161 2191
2162 2667
2162 2064
2163 379
2164 1788
2167 1168
2167 2743
2169 2344
2171 2254
2172 2930
2172 2773
2173 2263
2175 2394
2175 2503
2176 1715
2177 2310
2178 448
2178 718
2179 2679
2180 2585
2183 2423
2183 880
2185 2462
2186 1973
2187 1413
2189 1032
2190 2245
2190 1786
2191 851
2192 2395
2193 2727
2195 1219
2196 1034
2199 2385
2199 816
2202 2735
2203 1722
2203 1765
2204 2323
2205 1000
2206 915
2206 1142
2207 2321
2208 11
2210 1195
2215 2859
2217 2420
2218 2913
2219 2209
2219 1897
2220 2653
2220 2959
2221 2256
2221 2654
2222 514
2223 2443
2226 2324
2227 2274
2228 1264
2229 2622
2231 2292
2233 1440
2233 567
2234 1739
2234 2836
2235 2257
2235 1854
2237 1017
2238 2661
2239 1145
2240 1543
2242 759
2243 2525
2243 2655
2244 823
2244 2406
2247 1978
2247 2961
2250 1486
2251 2885
2252 926
2253 2893
2254 2302
2255 1096
2255 2888
2257 184
2258 2537
2258 2939
2260 2124
2261 2619
2261 1402
2264 2659
2265 2372
2266 2719
2268 1025
2269 1615
2272 553
2273 1470
2274 2722
2278 2702
2280 429
2283 2458
2287 2864
2290 1800
2291 2508
2292 2984
2293 233
2293 2600
2295 2612
2298 2358
2298 2632
2299 2379
2301 2855
2304 2319
2305 2763
2309 2732
2313 2501
2315 1230
2315 2757
2317 2391
2317 1700
2320 2002
2321 2545
2322 2484
2323 2374
2324 2706
2326 2457
2328 496
2328 2677
2330 2211
2334 2505
2335 2028
2335 1400
2337 2739
2337 2868
2338 1501
2339 147
2340 810
2341 2737
2341 1561
2342 1372
2342 2707
2344 1003
2345 1661
2345 808
2347 573
2348 1852
2349 2393
2349 2821
2350 2360
2351 785
2352 997
2353 2787
2354 2576
2355 1820
2357 1347
2359 991
2359 1370
2364 1366
2365 938
2365 2710
2367 607
2369 1509
2369 1705
2370 1109
2371 846
2372 1397
2373 377
2374 2376
2376 191
2378 2637
2380 1053
2382 235
2383 481
2383 2641
2387 2786
2389 538
2391 2404
2393 150
2394 1495
2396 2751
2396 2767
2397 2949
2398 2989
2398 10
2401 254
2401 2708
2403 2492
2407 2466
2407 2694
2408 2942
2410 1896
2411 3
2411 2911
2413 2692
2418 1785
2419 2826
2420 301
2421 269
2422 143
2423 2224
2425 2286
2427 2958
2428 2830
2429 1628
2429 2158
2430 2749
2430 2771
2433 65
2433 2151
2434 2110
2435 2918
2435 2488
2436 2915
2437 2935
2437 271
2439 2656
2442 2922
2442 2627
2443 2974
2444 2678
2444 2812
2445 2511
2445 2999
2446 189
2448 3000
2449 1987
2453 2332
2453 2907
2456 2858
2458 78
2461 50
2463 916
2464 2602
2464 2848
2466 999
2467 1204
2469 1229
2469 1630
2472 2460
2473 1085
2473 1493
2474 2685
2476 2651
2476 120
2477 2521
2477 2693
2478 6
2479 1590
2480 1564
2482 1524
2482 2687
2483 284
2483 200
2485 1224
2486 2520
2487 697
2488 693
2491 2384
2491 2531
2492 498
2493 2459
2494 2947
2497 613
2498 2552
2500 2363
2502 2297
2504 2797
2506 1294
2507 1117
2507 643
2510 1015
2511 2652
2515 2944
2515 1651
2517 2509
2519 2976
2523 2683
2523 2892
2525 998
2526 2884
2529 2316
2530 1459
2530 523
2531 830
2532 2019
2533 1196
2535 449
2536 395
2537 1880
2538 531
2542 1445
2542 893
2544 1071
2546 2601
2550 1396
2554 2686
2554 2799
2555 2691
2556 2898
2557 2636
2558 2953
2558 624
2559 1170
2560 2857
2562 2284
2562 2831
2563 593
2563 2673
2565 2642
2566 963
2566 196
2567 543
2567 1675
2568 871
2569 788
2572 1567
2573 1424
2574 251
2574 2592
2577 515
2578 2835
2578 2668
2580 2638
2581 2294
2582 121
2584 2450
2584 2730
2587 734
2587 2904
2588 2837
2589 755
2593 2311
2594 1627
2594 2810
2595 407
2599 89
2599 2212
2600 29
2601 2948
2603 2792
2604 2475
2607 2923
2611 2281
2611 2968
2612 2796
2613 2646
2614 2791
2617 913
2620 1995
2620 2703
2623 577
2623 2107
2624 855
2625 2738
2625 2628
2627 2912
2629 2648
2630 937
2631 2841
2634 2318
2635 1717
2636 1998
2638 197
2639 2285
2640 721
2640 2844
2642 2921
2643 2784
2645 1503
2646 829
2647 2755
2649 1278
2650 2551
2651 1406
2653 44
2657 170
2658 2777
2660 2452
2660 661
2662 556
2662 2618
2663 282
2665 2824
2665 2967
2671 1049
2671 2541
2673 797
2674 2876
2675 1420
2676 1108
2677 1507
2679 2998
2680 524
2682 2776
2684 973
2687 985
2688 2956
2689 2306
2689 2772
2691 1202
2693 490
2695 2717
2695 419
2697 2082
2701 149
2703 1958
2708 1354
2710 2468
2711 2803
2711 551
2712 2928
2712 2432
2715 2825
2715 178
2717 1614
2719 2513
2723 1989
2726 1755
2727 1799
2728 729
2728 2412
2729 1244
2730 684
2733 306
2735 2927
2736 650
2737 2465
2738 2303
2739 187
2740 1703
2741 1156
2741 2276
2742 1589
2743 109
2744 2029
2745 639
2750 1340
2752 1448
2752 1946
2757 1842
2758 2698
2759 2181
2761 349
2763 870
2764 23
2764 1436
2770 681
2773 1259
2775 2822
2777 1565
2778 2960
2779 1046
2780 2798
2781 730
2782 2548
2783 1836
2783 1111
2784 1653
2785 2762
2786 1353
2787 992
2788 2368
2789 2982
2793 704
2795 2972
2796 305
2799 211
2800 1780
2800 1167
2801 1466
2802 2929
2805 1866
2806 1329
2806 2249
2808 2952
2809 1421
2809 2381
2814 155
2814 657
2818 2938
2818 583
2822 385
2823 952
2823 1141
2827 2875
2828 38
2829 56
2830 1706
2831 2142
2832 2746
2833 2856
2834 326
2835 2041
2837 2988
2838 2289
2839 838
2841 2471
2842 1655
2843 98
2847 1728
2848 2184
2849 2400
2850 1802
2850 732
2853 2129
2854 1886
2856 1494
2859 1996
2860 1856
2861 2524
2866 2964
2868 2402
2869 2721
2869 1752
2870 2950
2871 1016
2872 614
2876 842
2877 2414
2879 2528
2880 1713
2881 410
2881 2086
2882 752
2886 2845
2887 2664
2892 148
2893 2386
2897 1463
2898 1405
2901 708
2903 470
2904 2874
2906 414
2907 241
2908 360
2909 2197
2909 2259
2911 820
2912 2940
2915 832
2917 2931
2922 2590
2923 454
2925 521
2929 925
2931 2336
2932 1668
2933 705
2934 2970
2936 1030
2937 892
2938 2025
2943 93
2946 2543
2950 2916
2951 427
2951 1962
2954 1621
2956 390
2957 1768
2958 1254
2959 2756
2960 1426
2961 2009
2962 64
2963 2481
2965 63
2966 2431
2967 1633
2968 2794
2969 781
2969 286
2971 1951
2972 1249
2974 2514
2976 1555
2977 2807
2978 674
2979 542
2981 460
2982 434
2984 627
2985 2092
2985 1443
2986 1719
2988 297
2991 1686
2993 1892
2993 36
2994 2230
2994 1520
2995 778
2999 2811
3000 1478
