dfs_parent_changes_in_partiton_size length, len: 1513, sum_of_changes: 3000
4 4 4 3 1 1 1 3 1 1 3 2 5 1 2 1 3 2 5 2 10 6 14 5 3 1 1 6 1 6 1 6 1 1 4 26 1 5 3 1 1 1 1 2 5 3 3 1 1 1 1 4 2 3 1 1 6 3 1 3 1 1 1 1 2 
6 2 1 6 3 2 1 1 1 7 1 2 1 1 1 6 1 2 3 9 1 1 3 1 2 2 1 1 1 1 1 2 1 1 6 4 4 3 3 4 1 3 2 3 6 2 3 7 1 6 2 2 3 1 1 1 3 3 2 1 1 18 1 5 1 1 
7 1 5 1 1 2 1 1 1 1 2 4 1 1 5 6 3 9 1 1 1 1 1 3 3 3 1 1 3 1 1 1 2 1 3 1 1 14 1 7 5 1 3 2 1 8 3 3 1 3 1 2 6 1 3 1 1 2 1 1 1 2 2 2 2 1 
1 1 2 3 3 3 1 1 4 1 1 8 1 1 5 5 4 3 2 5 1 3 2 3 2 5 1 2 2 3 1 2 2 5 1 3 1 9 3 2 5 8 1 1 5 1 3 1 5 2 1 3 1 2 1 1 3 1 1 1 2 1 1 1 2 1 
1 4 1 1 1 1 3 1 3 1 3 2 1 1 6 2 2 4 1 2 1 2 1 2 3 6 1 4 9 1 1 2 2 1 2 1 1 1 4 4 1 1 1 3 3 2 1 3 1 1 3 2 3 1 2 1 2 3 4 1 1 2 1 1 3 1 
1 5 1 3 1 1 1 1 1 2 3 3 2 1 3 5 1 2 2 4 2 2 8 1 1 1 1 1 1 1 2 2 1 7 1 1 2 8 1 3 3 4 1 5 2 1 1 1 1 4 1 3 2 1 1 2 1 3 5 1 1 1 1 6 1 1 
5 3 4 2 10 1 4 1 2 2 4 1 1 1 3 1 1 1 1 5 1 1 1 1 2 2 2 6 1 2 1 2 1 2 1 2 2 2 2 1 3 3 1 1 11 1 3 2 1 1 1 2 2 1 1 3 3 1 2 4 1 2 2 10 
4 2 5 3 3 2 3 1 1 4 2 1 4 1 5 1 2 2 6 1 3 1 1 1 2 9 7 3 3 2 2 3 1 1 1 1 1 4 2 1 1 2 1 1 12 6 1 3 1 2 1 2 2 1 3 1 3 2 1 6 1 2 1 2 1 
1 1 4 3 2 2 4 1 1 4 6 5 1 2 5 3 1 1 1 2 4 1 1 1 1 3 5 1 3 1 1 3 1 1 1 1 1 3 1 3 5 1 8 2 1 1 3 1 4 3 3 1 3 4 4 6 1 2 1 1 3 2 2 1 2 
1 3 4 1 4 3 3 1 1 6 3 3 3 1 1 2 2 3 4 1 3 1 2 3 1 2 2 5 1 3 1 2 1 5 1 1 4 1 3 1 2 6 3 3 1 1 1 1 1 2 1 3 1 1 2 5 3 1 5 1 1 1 1 1 1 
1 2 1 2 1 4 1 2 1 4 1 3 6 2 2 2 1 1 1 1 2 3 1 4 2 2 1 1 4 1 1 3 1 1 2 1 1 1 1 6 2 3 3 1 1 1 1 3 3 6 2 3 2 1 2 2 1 1 1 1 1 3 1 1 1 
1 2 1 1 2 1 1 2 1 1 2 2 1 2 7 1 2 1 1 1 1 4 1 1 1 1 3 1 3 1 2 3 2 1 1 1 6 2 1 3 3 1 1 3 1 2 3 2 2 3 1 1 2 2 1 1 1 2 3 1 2 2 1 1 2 
1 1 2 1 1 3 2 1 1 2 2 2 1 1 1 1 1 1 1 1 3 1 1 1 2 1 2 1 4 1 1 1 1 1 1 1 2 2 1 13 3 1 1 1 2 1 1 1 1 1 3 1 1 3 2 3 9 1 1 2 1 1 2 1 
1 1 2 2 2 1 1 3 1 1 1 1 1 7 1 3 1 2 4 5 1 1 4 6 2 1 1 1 2 1 1 2 1 2 1 1 3 1 3 2 3 1 1 1 1 1 2 1 1 2 3 2 1 1 1 2 1 2 1 1 1 2 4 1 
1 1 3 1 1 1 1 1 1 1 1 1 4 1 1 1 1 1 1 2 5 1 1 3 3 2 1 1 4 1 1 2 1 2 1 1 6 1 1 1 1 1 3 1 3 2 1 2 1 1 1 1 1 1 3 1 1 5 1 1 1 9 1 1 
1 1 1 1 2 1 1 1 1 1 1 2 3 1 3 1 1 2 1 6 1 1 5 1 1 2 1 1 1 1 2 5 5 1 2 1 7 1 1 2 1 1 2 1 3 1 1 2 1 1 1 1 1 1 2 2 1 2 5 1 1 2 2 1 
1 1 1 1 3 1 2 1 1 1 1 2 2 1 2 1 1 3 1 1 1 2 1 3 1 1 2 1 1 1 1 3 1 1 1 2 2 1 1 2 2 1 1 3 1 1 1 1 3 1 1 3 1 1 1 8 2 1 1 1 3 1 2 3 
2 2 4 1 1 1 3 1 1 1 1 1 1 1 1 1 1 2 3 1 1 2 3 2 1 2 1 1 1 1 1 1 1 1 1 2 1 6 3 1 1 1 1 1 1 1 2 2 1 2 1 1 1 1 1 1 1 3 2 1 2 3 6 2 
3 4 2 2 3 1 3 3 1 1 2 1 1 1 1 2 2 1 1 1 1 3 1 1 1 1 1 1 1 1 1 2 1 1 3 3 4 1 1 1 2 3 1 4 1 1 1 1 1 2 3 1 1 3 1 4 1 1 1 2 1 1 2 1 
1 1 1 1 1 4 2 4 1 1 1 1 1 3 1 1 5 1 1 1 2 1 1 1 1 3 1 1 1 1 4 1 2 2 2 1 1 2 1 1 1 1 1 1 5 1 1 6 1 1 4 1 1 1 2 1 1 2 2 2 2 1 1 1 
1 2 1 1 3 3 1 1 1 1 4 1 2 2 2 1 2 1 1 2 6 1 1 1 1 1 1 1 1 1 1 1 1 2 2 1 1 1 3 1 2 1 2 1 3 1 1 1 1 1 1 1 1 3 3 1 1 4 1 1 1 1 3 1 
1 1 1 1 4 1 1 1 4 1 1 1 1 1 1 1 1 1 2 1 1 1 1 1 1 3 1 1 2 1 1 1 1 2 1 1 1 1 1 1 1 2 2 2 1 2 2 1 1 1 1 1 2 2 3 1 1 1 2 1 1 1 2 2 
4 1 2 2 1 1 2 2 2 1 1 1 3 1 1 1 1 3 1 1 2 1 1 1 1 1 1 1 1 2 1 1 1 1 1 4 1 2 1 2 3 1 2 1 1 1 1 2 2 1 1 2 1 1 1 1 1 2 2 2 1 1 1 1 
1 1 1 1 1 1 2 1 1 2 1 1 1 1 1 1 1 1 1 1 1 1 1 1 1 


partitions, len: 25:
-- (4):[180, 888, 1879, 1]
-- (12):[8, 1255, 2542, 893, 83, 1130, 1929, 2132, 292, 1241, 1941, 941]
-- (24):[2589, 2445, 611, 1428, 1445, 1435, 1242, 202, 2625, 2628, 402, 1828, 610, 151, 1849, 2645, 1503, 2008, 52, 82, 1658, 466, 2789, 2982]
-- (112):[619, 755, 234, 1077, 2563, 593, 2511, 1318, 2999, 340, 571, 442, 172, 2135, 2937, 892, 1577, 2355, 1820, 119, 281, 634, 763, 2954, 1621, 59
-- (192):[898, 1796, 739, 2673, 372, 735, 2663, 282, 2652, 919, 2180, 2585, 177, 1575, 2840, 1853, 637, 2775, 2262, 826, 1351, 1539, 2225, 60, 2865, 
-- (393):[2261, 1064, 2985, 2092, 843, 1246, 2232, 274, 329, 2665, 1164, 487, 771, 506, 2081, 2936, 1030, 1211, 1639, 874, 806, 2337, 2739, 187, 182, 
-- (633):[156, 2619, 250, 1402, 249, 2562, 2831, 2142, 1131, 76, 1443, 1629, 2584, 2730, 1332, 527, 2824, 877, 1500, 2967, 4, 1165, 760, 1727, 2309, 
-- (680):[1386, 409, 456, 2558, 624, 1883, 2284, 1990, 684, 2809, 125, 1830, 2987, 2572, 1183, 2946, 2543, 1143, 1626, 762, 1593, 2733, 1633, 1214, 270, 
-- (522):[1547, 2080, 1814, 1773, 2606, 149, 2953, 394, 931, 1009, 1927, 2774, 1065, 1421, 923, 1492, 2381, 2535, 1567, 1387, 2358, 1656, 1790, 2887, 78, 
-- (273):[1979, 2653, 44, 441, 1289, 766, 932, 1128, 2649, 2604, 1881, 2981, 1769, 2115, 1395, 2434, 1870, 1155, 379, 2802, 1739, 2836, 2416, 995, 307, 
-- (101):[1278, 293, 2475, 70, 2760, 433, 1969, 2559, 484, 2929, 2210, 1195, 1479, 630, 2816, 907, 1723, 436, 1008, 890, 1496, 219, 1261, 2432, 1948, 1355, 
-- (30):[2410, 341, 1170, 528, 317, 925, 831, 1980, 960, 518, 1909, 1954, 1958, 1686, 2727, 2375, 785, 716, 2495, 127, 2409, 1048, 1264, 2768, 937, 2164, 
-- (9):[631, 1344, 2438, 1039, 1799, 2165, 1292, 47, 1788]
-- (1):[1446]
-- (1):[262]
-- (3):[695, 2051, 2312]
-- (1):[2040]
-- (1):[287]
-- (1):[2724]
-- (1):[532]
-- (1):[584]
-- (1):[710]
-- (1):[844]
-- (2):[1863, 966]
-- (1):[1285]
